image_width: 640
image_height: 480
camera_name: left
camera_matrix:
  rows: 3
  cols: 3
  data: [451.7934859050052, 0, 315.2861312478633, 0, 451.7403261940117, 251.9412227028947, 0, 0, 1]
distortion_model: plumb_bob
distortion_coefficients:
  rows: 1
  cols: 5
  data: [0.05790499602113341, -0.06331138383174907, -0.0009152776858549816, 0.0001795195582333317, 0]
rectification_matrix:
  rows: 3
  cols: 3
  data: [0.9999583902958701, -0.002659075541897362, 0.008726224507477284, 0.002635636563564058, 0.9999928912894275, 0.002696440341676228, -0.008733332513835602, -0.002673328987217634, 0.9999582902378122]
projection_matrix:
  rows: 3
  cols: 4
  data: [478.3326654069529, 0, 322.8766899108887, 0, 0, 478.3326654069529, 253.8871879577637, 0, 0, 0, 1, 0]