image_width: 640
image_height: 480
camera_name: left
camera_matrix:
  rows: 3
  cols: 3
  data: [451.2758129735421, 0, 323.8957746657048, 0, 451.5246316023504, 234.1086132563126, 0, 0, 1]
distortion_model: plumb_bob
distortion_coefficients:
  rows: 1
  cols: 5
  data: [0.04973172268458381, -0.05642918595199044, 0.0003300804258912881, 0.0001111040325406769, 0]
rectification_matrix:
  rows: 3
  cols: 3
  data: [0.9999640039049575, -0.007161000945389223, 0.004550929556261081, 0.007154104085292977, 0.9999732386499214, 0.001529960366896898, -0.004561763814875795, -0.001497347470567769, 0.9999884740643014]
projection_matrix:
  rows: 3
  cols: 4
  data: [465.9836168518844, 0, 320.4622650146484, 0, 0, 465.9836168518844, 236.6349391937256, 0, 0, 0, 1, 0]