image_width: 640
image_height: 480
camera_name: right
camera_matrix:
  rows: 3
  cols: 3
  data: [450.7593280668506, 0, 337.2958766413081, 0, 450.6553722452233, 256.519525446347, 0, 0, 1]
distortion_model: plumb_bob
distortion_coefficients:
  rows: 1
  cols: 5
  data: [0.05309378449987515, -0.05548874989952404, -0.0009229288777244658, 0.0001605032170222457, 0]
rectification_matrix:
  rows: 3
  cols: 3
  data: [0.9999795161921987, -0.006046550639392314, 0.002099147775050299, 0.006052164902237226, 0.9999780980305873, -0.00267857408433281, -0.002082905665737652, 0.00269122360542485, 0.999994209392981]
projection_matrix:
  rows: 3
  cols: 4
  data: [478.3326654069529, 0, 322.8766899108887, -80.7812284374988, 0, 478.3326654069529, 253.8871879577637, 0, 0, 0, 1, 0]