image_width: 640
image_height: 480
camera_name: right
camera_matrix:
  rows: 3
  cols: 3
  data: [448.5657675488451, 0, 335.6332829328935, 0, 448.8053718206943, 238.4249313803431, 0, 0, 1]
distortion_model: plumb_bob
distortion_coefficients:
  rows: 1
  cols: 5
  data: [0.05082792126158237, -0.05633788358324266, 0.0009567770879828939, 0.0004325699600009557, 0]
rectification_matrix:
  rows: 3
  cols: 3
  data: [0.9996924036989145, -0.001129981777192329, 0.02477541377797157, 0.001167485106305442, 0.9999981945085036, -0.001499319265390844, -0.02477367484272459, 0.001527783006919023, 0.9996919179996759]
projection_matrix:
  rows: 3
  cols: 4
  data: [465.9836168518844, 0, 320.4622650146484, -65.06036106595838, 0, 465.9836168518844, 236.6349391937256, 0, 0, 0, 1, 0]