1.000000000 0.000000000 0.000000000 0.000000000 0.000000000 1.000000000 0.000000000 0.000000000 0.000000000 0.000000000 1.000000000 0.000000000
0.999994516 -0.002259865 0.002417600 0.000822981 0.002271264 0.999986291 -0.004722748 -0.028478501 -0.002406894 0.004728213 0.999985933 0.064087160
0.999991357 0.000237825 0.004154755 -0.005110961 -0.000235466 0.999999821 -0.000568310 -0.042203449 -0.004154889 0.000567327 0.999991179 0.132429957
0.999992430 -0.003894790 -0.000092169 -0.007919861 0.003894503 0.999988139 -0.002932411 -0.064345896 0.000103589 0.002932030 0.999995708 0.202572450
0.999999046 -0.000444496 -0.001288899 -0.015824698 0.000449871 0.999991179 0.004172461 -0.075564153 0.001287033 -0.004173036 0.999990463 0.275889605
0.999988019 -0.002623023 -0.004134442 -0.017145799 0.002650329 0.999974608 0.006613108 -0.105887383 0.004116991 -0.006623987 0.999969602 0.348945200
0.999982059 -0.001576662 -0.005783844 -0.017226728 0.001597759 0.999992073 0.003644786 -0.127281621 0.005778051 -0.003653962 0.999976635 0.417846501
0.999980330 0.001443159 -0.006099356 -0.020579845 -0.001411993 0.999985933 0.005110955 -0.142700374 0.006106646 -0.005102242 0.999968350 0.493283719
0.999961317 -0.002446730 -0.008447424 -0.021811329 0.002492961 0.999981940 0.005466673 -0.174768269 0.008433895 -0.005487520 0.999949396 0.566473424
0.999959886 0.000008135 -0.008957003 -0.026835015 0.000012851 0.999997258 0.002342910 -0.198179960 0.008956998 -0.002342931 0.999957144 0.635098696
0.999945939 0.000145402 -0.010396263 -0.031665381 -0.000191904 0.999989986 -0.004472094 -0.219733655 0.010395508 0.004473848 0.999935985 0.708831728
0.999943912 0.002689787 -0.010243481 -0.034154981 -0.002603192 0.999960840 0.008457693 -0.230540454 0.010265829 -0.008430553 0.999911785 0.792932510
0.999948382 -0.000311553 -0.010155600 -0.034027182 0.000339525 0.999996126 0.002752775 -0.277735472 0.010154705 -0.002756081 0.999944627 0.870594740
0.999960244 0.004362906 -0.007773261 -0.035508718 -0.004409086 0.999972701 -0.005933633 -0.277615368 0.007747161 0.005967670 0.999952197 0.946649909
0.999958396 -0.002342714 -0.008815779 -0.033614650 0.002403027 0.999973714 0.006837123 -0.314316511 0.008799530 -0.006858023 0.999937773 1.033485770
0.999957144 0.001111698 -0.009193798 -0.036004249 -0.001081279 0.999993920 0.003312998 -0.349812537 0.009197424 -0.003302915 0.999952257 1.109683514
0.999931514 0.002654372 -0.011396494 -0.039016556 -0.002701528 0.999987841 -0.004124338 -0.364041686 0.011385407 0.004154844 0.999926567 1.187106133
0.999917150 0.000324000 -0.012869791 -0.039780062 -0.000205609 0.999957681 0.009199398 -0.393115669 0.012872227 -0.009195989 0.999874890 1.273033738
0.999894321 -0.001648207 -0.014445286 -0.037023816 0.001520922 0.999959946 -0.008818094 -0.423424125 0.014459241 0.008795191 0.999856770 1.352094412
0.999936223 -0.000103695 -0.011291401 -0.033605065 0.000110994 0.999999762 0.000645733 -0.435333282 0.011291333 -0.000646945 0.999936044 1.435282588
0.999905050 -0.007146860 -0.011784313 -0.033042386 0.007150785 0.999974370 0.000291032 -0.486986876 0.011781931 -0.000375272 0.999930501 1.517129898
0.999954939 0.001427921 -0.009382046 -0.040740199 -0.001496045 0.999972522 -0.007258125 -0.485653877 0.009371425 0.007271834 0.999929667 1.598027229
0.999946117 0.002337267 -0.010116069 -0.044741530 -0.002269307 0.999974787 0.006724313 -0.525518000 0.010131530 -0.006700994 0.999926209 1.686797619
0.999936819 0.002081358 -0.011047794 -0.047501568 -0.002206203 0.999933720 -0.011300349 -0.544752896 0.011023542 0.011324008 0.999875128 1.760757208
0.999941647 0.004797885 -0.009681029 -0.051634729 -0.004757429 0.999979854 0.004197598 -0.575560689 0.009700974 -0.004151296 0.999944329 1.856932521
0.999929011 0.006545560 -0.009958355 -0.049899910 -0.006565671 0.999976456 -0.001988269 -0.593984187 0.009945106 0.002053511 0.999948442 1.946531296
0.999923170 0.000934632 -0.012362150 -0.049833659 -0.000855809 0.999979258 0.006379916 -0.630569816 0.012367857 -0.006368847 0.999903262 2.038743019
0.999896407 -0.000140829 -0.014392969 -0.045184057 0.000065018 0.999986112 -0.005267551 -0.651040912 0.014393511 0.005266069 0.999882519 2.121881008
0.999885798 -0.003461054 -0.014711358 -0.046510607 0.003589773 0.999955416 0.008732278 -0.682734549 0.014680479 -0.008784091 0.999853671 2.218712330
0.999927402 0.000315591 -0.012043986 -0.051767148 -0.000345688 0.999996841 -0.002496929 -0.704242468 0.012043159 0.002500912 0.999924362 2.304626465
0.999949217 0.001858584 -0.009904497 -0.052960545 -0.001798672 0.999980032 0.006054438 -0.747078955 0.009915552 -0.006036315 0.999932647 2.395757914
0.999942660 0.003385074 -0.010157636 -0.058160506 -0.003494473 0.999935865 -0.010771786 -0.761285126 0.010120521 0.010806664 0.999890387 2.480063915
0.999903560 -0.002567149 -0.013647291 -0.057973579 0.002640918 0.999981999 0.005390135 -0.803065479 0.013633207 -0.005425656 0.999892354 2.581507206
0.999908984 0.001355693 -0.013421423 -0.055333827 -0.001369784 0.999998510 -0.001040685 -0.819539249 0.013419992 0.001058975 0.999909401 2.672709942
0.999925077 -0.001392788 -0.012161803 -0.054500237 0.001450858 0.999987602 0.004767231 -0.854102910 0.012155011 -0.004784519 0.999914706 2.774352551
0.999941647 -0.000742386 -0.010777431 -0.059009619 0.000850477 0.999949336 0.010028285 -0.862234473 0.010769440 -0.010036866 0.999891639 2.875464439
0.999927402 -0.000369046 -0.012045943 -0.052260242 0.000496668 0.999943793 0.010593313 -0.910055637 0.012041355 -0.010598526 0.999871314 2.969623804
0.999927044 0.001200122 -0.012017933 -0.055602517 -0.001051858 0.999923348 0.012335613 -0.935484827 0.012031815 -0.012322072 0.999851704 3.063949108
0.999921441 0.001877912 -0.012391680 -0.052974377 -0.001829967 0.999990821 0.003879309 -0.966463447 0.012398851 -0.003856329 0.999915719 3.159729242
0.999916911 -0.004089260 -0.012227153 -0.052184496 0.004266006 0.999886274 0.014464306 -0.995016932 0.012166616 -0.014515264 0.999820650 3.257266760
0.999935627 -0.000534897 -0.011335531 -0.051665876 0.000576255 0.999993205 0.003645594 -1.036166310 0.011333505 -0.003651891 0.999929130 3.353373289
0.999947071 0.004491047 -0.009257234 -0.056902669 -0.004493170 0.999989867 -0.000208611 -1.062756658 0.009256204 0.000250194 0.999957144 3.442863941
0.999932885 -0.005180320 -0.010362046 -0.057443298 0.005198156 0.999985039 0.001695061 -1.091492295 0.010353111 -0.001748811 0.999944866 3.544300556
0.999962509 -0.000615833 -0.008639086 -0.062513620 0.000604623 0.999998987 -0.001300095 -1.135591507 0.008639878 0.001294823 0.999961853 3.642589092
0.999904156 -0.007006233 -0.011941019 -0.060701255 0.006903134 0.999938726 -0.008653406 -1.151809931 0.012000917 0.008570146 0.999891281 3.735348225
0.999944448 -0.002125915 -0.010321046 -0.065545425 0.002072175 0.999984264 -0.005214684 -1.178454995 0.010331971 0.005193007 0.999933124 3.835150242
0.999940157 -0.000522317 -0.010925015 -0.063546315 0.000679858 0.999895751 0.014421451 -1.225253820 0.010916345 -0.014428015 0.999836326 3.942550182
0.999910355 -0.005655698 -0.012136490 -0.062048819 0.005540399 0.999939382 -0.009512923 -1.248365641 0.012189557 0.009444828 0.999881089 4.036873341
0.999904871 -0.007856240 -0.011334788 -0.066742383 0.008030615 0.999848843 0.015421481 -1.271115899 0.011211921 -0.015511039 0.999816835 4.146738052
0.999924123 -0.003230982 -0.011887897 -0.061423700 0.003125381 0.999955595 -0.008890986 -1.322445631 0.011916095 0.008853158 0.999889791 4.239627838
0.999933481 -0.004309191 -0.010696644 -0.066077575 0.004358751 0.999979854 0.004614323 -1.334529638 0.010676544 -0.004660640 0.999932170 4.339484692
0.999949038 -0.002050414 -0.009883779 -0.064280204 0.001989066 0.999978721 -0.006212851 -1.383617997 0.009896307 0.006192875 0.999931872 4.445741177
0.999976814 0.000782690 -0.006766357 -0.071293131 -0.000779578 0.999999583 0.000462517 -1.398074031 0.006766716 -0.000457231 0.999976993 4.546530724
0.999947250 -0.004477913 -0.009243036 -0.075343989 0.004477410 0.999989986 -0.000075114 -1.434503555 0.009243280 0.000033725 0.999957263 4.652346134
0.999952734 0.004354003 -0.008694871 -0.077873684 -0.004369873 0.999988794 -0.001807033 -1.472394705 0.008686907 0.001844943 0.999960542 4.752121925
0.999952078 -0.001086584 -0.009727689 -0.075011633 0.001137839 0.999985516 0.005265072 -1.492828131 0.009721827 -0.005275888 0.999938846 4.856696606
0.999973893 0.001606724 -0.007044908 -0.076396339 -0.001560370 0.999977112 0.006580311 -1.539298296 0.007055319 -0.006569147 0.999953508 4.964473248
0.999939501 -0.005037809 -0.009780401 -0.068467043 0.004995093 0.999977887 -0.004387051 -1.558785677 0.009802286 0.004337931 0.999942541 5.055750370
0.999963522 -0.002716449 -0.008100619 -0.071406521 0.002792523 0.999951959 0.009394643 -1.587594509 0.008074709 -0.009416922 0.999923050 5.162523270
0.999844909 -0.013264431 -0.011586283 -0.072222546 0.013330013 0.999895453 0.005601601 -1.646898627 0.011510770 -0.005755177 0.999917209 5.256611347
0.999973774 0.000155307 -0.007243300 -0.073751338 -0.000197929 0.999982655 -0.005883994 -1.651843190 0.007242261 0.005885274 0.999956429 5.352479458
0.999960303 -0.004722196 -0.007558906 -0.074720077 0.004737967 0.999986649 0.002069813 -1.698669791 0.007549032 -0.002105545 0.999969304 5.461376667
0.999973774 0.000708157 -0.007211389 -0.073679574 -0.000703711 0.999999583 0.000618995 -1.710429788 0.007211823 -0.000613904 0.999973834 5.561990261
0.999893785 -0.008632407 -0.011744881 -0.075895011 0.008641822 0.999962389 0.000751184 -1.765093923 0.011737954 -0.000852601 0.999930739 5.664258957
0.999932885 -0.002931684 -0.011208320 -0.071305983 0.002870462 0.999980867 -0.005474351 -1.786582828 0.011224154 0.005441810 0.999922216 5.759705544
0.999810934 -0.013777095 -0.013723595 -0.069531262 0.013690508 0.999885917 -0.006383464 -1.823397279 0.013809975 0.006194374 0.999885440 5.864589214
0.999868572 -0.011182358 -0.011739284 -0.069108970 0.011263041 0.999913275 0.006829412 -1.837757945 0.011661896 -0.006960734 0.999907792 5.972103119
0.999887705 -0.008951883 -0.012020175 -0.063866712 0.008957869 0.999959767 0.000444343 -1.898303032 0.012015714 -0.000551968 0.999927640 6.075522900
0.999891877 -0.009055112 -0.011584056 -0.069654919 0.009020553 0.999954700 -0.003032077 -1.887548566 0.011610988 0.002927255 0.999928296 6.171218395
0.999964595 -0.004203655 -0.007288542 -0.082491651 0.004301830 0.999899507 0.013506740 -1.950890541 0.007231032 -0.013537616 0.999882221 6.281929493
0.999965012 0.005159488 -0.006584490 -0.075159073 -0.005186120 0.999978423 -0.004034077 -1.946531534 0.006563534 0.004068084 0.999970198 6.375990391
0.999928117 -0.006863415 -0.009829970 -0.081661202 0.007103123 0.999673069 0.024561657 -1.996939540 0.009658180 -0.024629714 0.999650002 6.489941597
0.999952793 0.004377202 -0.008676447 -0.078135177 -0.004318964 0.999968112 0.006719514 -2.017004728 0.008705582 -0.006681724 0.999939799 6.580729961
0.999954581 0.004649955 -0.008322730 -0.077683017 -0.004593288 0.999966204 0.006814952 -2.074925184 0.008354138 -0.006776414 0.999942124 6.678078175
0.999859750 -0.011828621 -0.011857627 -0.071503729 0.011868007 0.999924242 0.003256766 -2.058438540 0.011818206 -0.003397035 0.999924421 6.776583195
0.999955773 -0.006029329 -0.007215190 -0.065613240 0.006213740 0.999647439 0.025815278 -2.136327982 0.007056997 -0.025858972 0.999640703 6.887407303
0.999920785 -0.010355120 -0.007152705 -0.067932121 0.010310237 0.999927104 -0.006283431 -2.132700920 0.007217249 0.006209187 0.999954700 6.967610836
0.999993265 0.003126691 -0.001918799 -0.073513903 -0.003106039 0.999938190 0.010673102 -2.191770554 0.001952052 -0.010667071 0.999941170 7.074517727
0.999955893 -0.007539815 -0.005600099 -0.066133194 0.007570109 0.999956727 0.005408274 -2.210417509 0.005559079 -0.005450428 0.999969721 7.169357777
0.999978185 -0.004915164 -0.004409448 -0.064534843 0.004920834 0.999987066 0.001275891 -2.261676073 0.004403120 -0.001297561 0.999989450 7.273486137
0.999954879 -0.007986018 -0.005141966 -0.067564860 0.008040605 0.999910593 0.010684323 -2.271471500 0.005056181 -0.010725186 0.999929726 7.368144035
0.999983191 -0.003088383 -0.004908756 -0.063145638 0.003045941 0.999958098 -0.008630395 -2.324063778 0.004935205 0.008615298 0.999950707 7.458879471
0.999980927 -0.005272766 -0.003217214 -0.067573778 0.005335965 0.999786496 0.019962035 -2.323519468 0.003111271 -0.019978821 0.999795556 7.561835289
0.999933064 -0.010689543 -0.004422171 -0.056614984 0.010646147 0.999896049 -0.009722941 -2.399774313 0.004525644 0.009675210 0.999942958 7.650743961
0.999997318 -0.000367592 0.002280643 -0.064666502 0.000355976 0.999986947 0.005091471 -2.386253357 -0.002282484 -0.005090646 0.999984443 7.748110771
0.999976873 -0.006241981 0.002700782 -0.061833072 0.006257649 0.999963403 -0.005832237 -2.445414305 -0.002664279 0.005849003 0.999979317 7.844276905
0.999986708 0.000916562 0.005073159 -0.062679917 -0.000906688 0.999997675 -0.001948387 -2.463107347 -0.005074933 0.001943762 0.999985218 7.939909458
0.999884605 -0.015191684 -0.000009596 -0.055314027 0.015188628 0.999695718 -0.019436529 -2.505520105 0.000304867 0.019434141 0.999811113 8.034109116
0.999988079 0.000003325 0.004881110 -0.056797117 -0.000045097 0.999963403 0.008557794 -2.512305975 -0.004880903 -0.008557911 0.999951482 8.140655518
0.999971330 -0.007289223 0.002036760 -0.056538712 0.007308713 0.999925911 -0.009731289 -2.581785202 -0.001965676 0.009745896 0.999950588 8.234214783
0.999994695 -0.000793402 0.003165391 -0.050423946 0.000780341 0.999991179 0.004125402 -2.560188293 -0.003168636 -0.004122910 0.999986470 8.328610420
0.999976575 -0.006102384 0.003109253 -0.048303101 0.006119574 0.999965847 -0.005549672 -2.640166759 -0.003075281 0.005568569 0.999979794 8.422543526
0.999955773 -0.006721762 0.006581909 -0.047750033 0.006727314 0.999977052 -0.000821805 -2.626234531 -0.006576234 0.000866047 0.999978006 8.514881134
0.999941409 -0.009382468 0.005395491 -0.044428099 0.009391060 0.999954700 -0.001569345 -2.688128948 -0.005380522 0.001619922 0.999984205 8.613898277
0.999960423 -0.008599251 0.002283087 -0.046092458 0.008587650 0.999950409 0.005043313 -2.683135986 -0.002326343 -0.005023508 0.999984682 8.710967064
0.999976158 -0.006854090 0.000858128 -0.051126279 0.006853191 0.999975979 0.001045649 -2.739863634 -0.000865275 -0.001039743 0.999999106 8.802280426
0.999983072 -0.005821361 -0.000117496 -0.054618664 0.005822429 0.999887586 0.013817603 -2.743309021 0.000037046 -0.013818054 0.999904513 8.896103859
0.999985516 -0.005342841 -0.000682592 -0.062220398 0.005343472 0.999985278 0.000926885 -2.800959110 0.000677629 -0.000930519 0.999999344 8.986193657
0.999999881 -0.000498504 0.000058647 -0.067409977 0.000498585 0.999998868 -0.001401736 -2.807140112 -0.000057948 0.001401765 0.999998987 9.073077202
0.999985635 0.004912373 0.002143163 -0.071733356 -0.004921156 0.999979436 0.004112229 -2.840207100 -0.002122917 -0.004122717 0.999989271 9.171590805
0.999999940 -0.000318049 0.000160961 -0.064788178 0.000316840 0.999972165 0.007454901 -2.870200872 -0.000163327 -0.007454850 0.999972224 9.258267403
0.999988675 -0.004733626 0.000427986 -0.065201230 0.004736402 0.999966085 -0.006737152 -2.889779329 -0.000396081 0.006739103 0.999977231 9.351983070
0.999972105 -0.007075224 -0.002400014 -0.059813187 0.007104440 0.999897957 0.012391487 -2.929982424 0.002312097 -0.012408191 0.999920368 9.445027351
0.999969542 -0.006282983 -0.004625495 -0.059213180 0.006250367 0.999955714 -0.007032590 -2.948544264 0.004669475 0.007003465 0.999964595 9.530728340
0.999961317 -0.007916329 -0.003839232 -0.055581495 0.007972546 0.999857843 0.014855200 -2.977570295 0.003721088 -0.014885234 0.999882281 9.626708984
0.999974608 -0.006728806 -0.002342114 -0.057138775 0.006721247 0.999972224 -0.003220191 -3.009511948 0.002363716 0.003204368 0.999992073 9.709593773
0.999995172 -0.003096750 0.000281500 -0.066866793 0.003095370 0.999983788 0.004778115 -3.037645578 -0.000296292 -0.004777221 0.999988556 9.799863815
0.999988794 -0.004597143 -0.001148938 -0.067456827 0.004602756 0.999977231 0.004931124 -3.057304382 0.001126243 -0.004936357 0.999987185 9.892683029
0.999996006 0.001009308 -0.002647356 -0.064303622 -0.000994353 0.999983549 0.005644526 -3.095334291 0.002653010 -0.005641871 0.999980569 9.969217300
0.999958634 -0.005441776 -0.007288374 -0.054815758 0.005474874 0.999974728 0.004528971 -3.116786242 0.007263544 -0.004568686 0.999963164 10.055577278
0.999955297 -0.006694705 -0.006673551 -0.052403487 0.006707593 0.999975681 0.001910614 -3.139043808 0.006660597 -0.001955292 0.999975920 10.142326355
0.999954581 -0.007824129 -0.005447226 -0.054775700 0.007822455 0.999969363 -0.000328529 -3.171635151 0.005449630 0.000285903 0.999985099 10.227033615
0.999987304 -0.004262091 -0.002688063 -0.055286251 0.004266568 0.999989510 0.001662394 -3.196309090 0.002680949 -0.001673841 0.999994993 10.313350677
0.999999523 0.000925344 -0.000312277 -0.058741271 -0.000927055 0.999984324 -0.005525142 -3.223058224 0.000307159 0.005525429 0.999984682 10.393083572
0.999994040 0.003414405 0.000460400 -0.064709909 -0.003416933 0.999978423 0.005605884 -3.244105339 -0.000441249 -0.005607423 0.999984205 10.483474731
0.999995351 -0.000677561 -0.002964236 -0.063541308 0.000667670 0.999994218 -0.003336440 -3.271528959 0.002966480 0.003334445 0.999990046 10.567889214
0.999983430 -0.004626916 -0.003417798 -0.057242323 0.004638700 0.999983311 0.003447941 -3.298059940 0.003401788 -0.003463738 0.999988198 10.656886101
0.999958158 -0.008752673 -0.002664497 -0.046875007 0.008744287 0.999956846 -0.003142842 -3.332847118 0.002691891 0.003119411 0.999991536 10.739527702
0.999995410 -0.002761115 0.001267986 -0.054698952 0.002763579 0.999994278 -0.001945956 -3.359414339 -0.001262606 0.001949451 0.999997318 10.817151070
0.999990523 -0.004329077 0.000451350 -0.060601041 0.004332069 0.999967158 -0.006851694 -3.384532690 -0.000421674 0.006853584 0.999976397 10.898294449
0.999987423 -0.004112051 -0.002862866 -0.057731081 0.004108579 0.999990821 -0.001217556 -3.411963463 0.002867846 0.001205779 0.999995172 10.980937004
0.999989569 -0.003489835 -0.002956131 -0.054917917 0.003476401 0.999983668 -0.004537523 -3.433663607 0.002971918 0.004527200 0.999985337 11.066006660
0.999975562 -0.006806321 -0.001608747 -0.052332580 0.006810048 0.999974132 0.002323057 -3.461978912 0.001592894 -0.002333956 0.999996006 11.153203964
0.999988079 -0.004851406 0.000563825 -0.054676060 0.004850238 0.999986112 0.002056591 -3.477833748 -0.000573794 -0.002053832 0.999997735 11.230873108
0.999924481 -0.012165711 -0.001732812 -0.052725386 0.012166175 0.999925971 0.000257857 -3.516505957 0.001729547 -0.000278919 0.999998450 11.310735703
0.999987602 -0.004966140 -0.000336524 -0.053445276 0.004964731 0.999979377 -0.004067207 -3.525859356 0.000356716 0.004065486 0.999991655 11.390744209
0.999948859 -0.010036997 -0.001227519 -0.055533364 0.010041535 0.999942541 0.003747431 -3.566176891 0.001189836 -0.003759566 0.999992251 11.473955154
0.999985158 -0.005377447 -0.000851650 -0.051653076 0.005372725 0.999970675 -0.005452559 -3.577159643 0.000880946 0.005447902 0.999984801 11.547778130
0.999987662 -0.004826941 -0.001148276 -0.057410501 0.004832826 0.999974906 0.005178616 -3.607534647 0.001123250 -0.005184102 0.999985933 11.630023003
0.999994695 -0.003077893 -0.001060167 -0.052931286 0.003076069 0.999993801 -0.001717852 -3.629718542 0.001065448 0.001714582 0.999997973 11.708022118
0.999998510 -0.000372795 0.001692865 -0.054681826 0.000363304 0.999984264 0.005603028 -3.651328087 -0.001694927 -0.005602404 0.999982893 11.789284706
0.999987423 -0.004136254 0.002826443 -0.054607343 0.004135555 0.999991417 0.000252882 -3.684096098 -0.002827465 -0.000241190 0.999995947 11.866261482
0.999975920 0.002165817 0.006594234 -0.060806755 -0.002115091 0.999968171 -0.007689784 -3.713748932 -0.006610679 0.007675651 0.999948680 11.932457924
0.999976277 0.003629993 0.005856223 -0.063760869 -0.003581468 0.999959350 -0.008275365 -3.726101875 -0.005886024 0.008254194 0.999948621 12.010627747
0.999975979 -0.006823017 0.001228881 -0.060996614 0.006821297 0.999975741 0.001398617 -3.758048534 -0.001238394 -0.001390201 0.999998271 12.093967438
0.999994874 -0.003199512 0.000077329 -0.056456693 0.003200260 0.999905169 -0.013392928 -3.777046204 -0.000034471 0.013393107 0.999910295 12.160864830
0.999994636 -0.003126796 0.000947496 -0.052528452 0.003123502 0.999989152 0.003457397 -3.793104172 -0.000958296 -0.003454419 0.999993563 12.247851372
0.999982536 -0.004751412 0.003513380 -0.050761178 0.004728740 0.999968112 0.006433371 -3.807284832 -0.003543835 -0.006416644 0.999973118 12.330172539
0.999970078 0.002737001 0.007235865 -0.056987219 -0.002787935 0.999971330 0.007038386 -3.844512463 -0.007216394 -0.007058349 0.999949038 12.401494980
0.999983013 0.001404576 0.005654308 -0.058307309 -0.001420450 0.999995053 0.002804497 -3.859223127 -0.005650340 -0.002812481 0.999980092 12.470378876
0.999994576 0.001632202 0.002865583 -0.056071568 -0.001632196 0.999998689 -0.000004313 -3.892646790 -0.002865586 -0.000000364 0.999995887 12.545446396
0.999970734 0.005552936 0.005263293 -0.056183629 -0.005588858 0.999961019 0.006835044 -3.895521641 -0.005225133 -0.006864259 0.999962807 12.617657661
0.999944448 -0.010531208 0.000375673 -0.045348458 0.010530797 0.999943972 0.001081972 -3.947930336 -0.000387046 -0.001077956 0.999999344 12.688418388
0.999988437 -0.004480335 0.001739784 -0.043923490 0.004493527 0.999960601 -0.007653797 -3.937328100 -0.001705424 0.007661526 0.999969184 12.754732132
0.999896765 -0.014297118 -0.001423039 -0.042503208 0.014319532 0.999748945 0.017233852 -3.968272448 0.001176287 -0.017252449 0.999850452 12.846697807
0.999963224 -0.008555786 0.000543209 -0.042595454 0.008555547 0.999963284 0.000440945 -3.996593714 -0.000546961 -0.000436281 0.999999762 12.906223297
0.999960542 -0.007908011 0.004048152 -0.047306105 0.007892234 0.999961257 0.003898557 -4.007900715 -0.004078825 -0.003866454 0.999984205 12.977172852
0.999979496 0.001123399 0.006303882 -0.042323966 -0.001174792 0.999966085 0.008154819 -4.039344311 -0.006294508 -0.008162057 0.999946892 13.052312851
0.999981344 -0.002064124 0.005746268 -0.042134810 0.002066236 0.999997795 -0.000361615 -4.060226917 -0.005745509 0.000373482 0.999983430 13.115608215
0.999971807 -0.002352651 0.007133351 -0.040990043 0.002318597 0.999985874 0.004778370 -4.089338303 -0.007144492 -0.004761695 0.999963164 13.182126999
0.999942243 0.003685683 0.010093914 -0.045943771 -0.003643590 0.999984622 -0.004185335 -4.113461971 -0.010109184 0.004148315 0.999940276 13.246939659
0.999946475 0.002240361 0.010100610 -0.043946881 -0.002284380 0.999987960 0.004348580 -4.115353584 -0.010090745 -0.004371421 0.999939561 13.317329407
0.999971688 -0.003125411 0.006845845 -0.043791343 0.003069683 0.999962211 0.008135857 -4.150866032 -0.006871014 -0.008114612 0.999943495 13.388748169
0.999971747 0.001104521 0.007438175 -0.043195635 -0.001135454 0.999990702 0.004155733 -4.162313938 -0.007433516 -0.004164061 0.999963701 13.453456879
0.999953091 -0.006976261 0.006723115 -0.038693998 0.006950828 0.999968648 0.003798811 -4.196552277 -0.006749405 -0.003751901 0.999970198 13.526307106
0.999966741 -0.006217777 0.005283216 -0.034552459 0.006184710 0.999961317 0.006252477 -4.206270695 -0.005321888 -0.006219594 0.999966502 13.592703819
0.999967337 -0.005376374 0.006033629 -0.038512237 0.005357365 0.999980628 0.003162269 -4.237575054 -0.006050514 -0.003129841 0.999976814 13.660692215
0.999966800 -0.003590808 0.007317897 -0.038704947 0.003574905 0.999991238 0.002185032 -4.245439529 -0.007325680 -0.002158799 0.999970853 13.723815918
0.999941945 0.000964374 0.010732208 -0.039095029 -0.000986353 0.999997437 0.002042849 -4.280101299 -0.010730212 -0.002053316 0.999940336 13.793730736
0.999905884 0.003657881 0.013223548 -0.044435930 -0.003675375 0.999992430 0.001298895 -4.296432972 -0.013218696 -0.001347375 0.999911726 13.859612465
0.999888718 0.007000875 0.013175022 -0.052071329 -0.007017524 0.999974608 0.001217861 -4.315570354 -0.013166161 -0.001310182 0.999912441 13.927779198
0.999911964 0.008510602 0.010179917 -0.049609512 -0.008567772 0.999947667 0.005585672 -4.340510845 -0.010131848 -0.005672399 0.999932587 13.998740196
0.999957919 0.004308947 0.008099406 -0.043585792 -0.004305921 0.999990642 -0.000391027 -4.366878510 -0.008101015 0.000356135 0.999967098 14.060348511
0.999971032 -0.001620866 0.007435291 -0.035604760 0.001612157 0.999998033 0.001177273 -4.378494263 -0.007437184 -0.001165252 0.999971688 14.123682976
0.999962866 -0.004873633 0.007108859 -0.030720057 0.004829410 0.999968946 0.006224854 -4.403796673 -0.007138976 -0.006190291 0.999955356 14.192720413
0.999961317 -0.001203210 0.008714680 -0.034749176 0.001218854 0.999997675 -0.001790036 -4.423706532 -0.008712506 0.001800588 0.999960423 14.252071381
0.999956667 -0.000176255 0.009306781 -0.038067065 0.000175784 1.000000000 0.000051468 -4.443601608 -0.009306790 -0.000049830 0.999956667 14.318748474
0.999949336 0.000808039 0.010031565 -0.039626006 -0.000809183 0.999999642 0.000109986 -4.464139462 -0.010031472 -0.000118098 0.999949694 14.385506630
0.999926209 0.002934901 0.011787983 -0.041335318 -0.002926658 0.999995470 -0.000716501 -4.487733841 -0.011790032 0.000681948 0.999930263 14.448451042
0.999897480 0.005123178 0.013373039 -0.039795946 -0.005087110 0.999983311 -0.002729733 -4.506220818 -0.013386800 0.002661423 0.999906838 14.516192436
0.999920905 0.003590057 0.012056272 -0.036713973 -0.003627520 0.999988675 0.003086956 -4.526173115 -0.012045053 -0.003130446 0.999922574 14.575222015
0.999954641 0.000853856 0.009483545 -0.037141770 -0.000845071 0.999999225 -0.000930334 -4.545928001 -0.009484331 0.000922278 0.999954581 14.644003868
0.999955416 0.002579084 0.009081798 -0.036760677 -0.002603955 0.999992907 0.002727839 -4.561355591 -0.009074697 -0.002751366 0.999955058 14.702077866
0.999926865 0.002931494 0.011733504 -0.032673597 -0.002985562 0.999984980 0.004593221 -4.580997467 -0.011719864 -0.004627917 0.999920607 14.768040657
0.999922216 0.002766709 0.012161617 -0.030759750 -0.002733891 0.999992549 -0.002714336 -4.606358051 -0.012169036 0.002680876 0.999922335 14.825163841
0.999866962 0.008657710 0.013821957 -0.038124256 -0.008679678 0.999961138 0.001530161 -4.616775036 -0.013808171 -0.001649927 0.999903321 14.888903618
0.999918103 0.004341781 0.012041009 -0.041149125 -0.004358131 0.999989629 0.001331973 -4.643666744 -0.012035101 -0.001384340 0.999926627 14.952630997
0.999938786 0.004904945 0.009915479 -0.045784112 -0.004861916 0.999978662 -0.004359025 -4.664002895 -0.009936647 0.004310549 0.999941349 15.006740570
0.999950469 0.005759527 0.008120001 -0.046639945 -0.005754605 0.999983251 -0.000629260 -4.669647217 -0.008123490 0.000582501 0.999966860 15.074071884
0.999955297 0.004508717 0.008314163 -0.044614431 -0.004561513 0.999969482 0.006342168 -4.700907707 -0.008285315 -0.006379810 0.999945343 15.136104584
0.999949634 0.004007730 0.009203848 -0.043956034 -0.003976095 0.999986112 -0.003452860 -4.710505009 -0.009217559 0.003416090 0.999951661 15.194603920
0.999951303 0.002074352 0.009648057 -0.042867459 -0.002112149 0.999990106 0.003909127 -4.735727787 -0.009639852 -0.003929315 0.999945819 15.259129524
0.999945223 0.003369902 0.009910397 -0.042745896 -0.003286349 0.999959052 -0.008435140 -4.762881279 -0.009938417 0.008402110 0.999915302 15.315564156
0.999857843 0.011077872 0.012708968 -0.045773152 -0.011036841 0.999933660 -0.003294001 -4.773428440 -0.012744616 0.003153266 0.999913812 15.377898216
0.999866605 0.009956362 0.012949061 -0.047514297 -0.009999420 0.999944687 0.003264788 -4.793224812 -0.012915839 -0.003393835 0.999910831 15.445221901
0.999804556 0.014152735 0.013802304 -0.048725307 -0.014104023 0.999893963 -0.003620242 -4.814600468 -0.013852078 0.003424866 0.999898195 15.506912231
0.999878645 0.009416725 0.012411005 -0.052130699 -0.009445895 0.999952734 0.002293708 -4.829472542 -0.012388819 -0.002410662 0.999920368 15.565597534
0.999902487 0.009278335 0.010437340 -0.050188426 -0.009299845 0.999954700 0.002014209 -4.860242367 -0.010418179 -0.002111078 0.999943495 15.628143311
0.999911070 0.009204388 0.009647475 -0.044133887 -0.009158826 0.999946773 -0.004756269 -4.879442215 -0.009690740 0.004667487 0.999942124 15.682147980
0.999880731 0.009069969 0.012499034 -0.039068565 -0.009047125 0.999957323 -0.001882897 -4.899240971 -0.012515578 0.001769592 0.999920130 15.743879318
0.999825478 0.008911860 0.016417714 -0.040503848 -0.008832953 0.999949098 -0.004872533 -4.926004887 -0.016460301 0.004726665 0.999853373 15.803940773
0.999768794 0.012812060 0.017267127 -0.044515599 -0.012681426 0.999890268 -0.007653948 -4.939486027 -0.017363295 0.007433207 0.999821603 15.858391762
0.999878883 0.009908106 0.012000770 -0.041100964 -0.009859998 0.999943137 -0.004061391 -4.952488899 -0.012040329 0.003942572 0.999919713 15.916378021
0.999897361 0.008734804 0.011357400 -0.038505461 -0.008732637 0.999961853 -0.000240365 -4.976536274 -0.011359067 0.000141160 0.999935448 15.979049683
0.999915659 0.005467627 0.011779673 -0.032135628 -0.005417679 0.999976218 -0.004267897 -4.981327534 -0.011802729 0.004203719 0.999921501 16.042589188
0.999917865 0.003155841 0.012423944 -0.028762473 -0.003274875 0.999948800 0.009572309 -5.005144119 -0.012393098 -0.009612208 0.999876976 16.105463028
0.999892533 0.005529279 0.013577566 -0.031682380 -0.005471273 0.999975741 -0.004305686 -5.032678127 -0.013601045 0.004230937 0.999898553 16.158195496
0.999901772 0.006287650 0.012527991 -0.033677991 -0.006348766 0.999968112 0.004844622 -5.036480427 -0.012497131 -0.004923683 0.999909759 16.224672318
0.999931693 0.004917282 0.010604007 -0.033942517 -0.004908585 0.999987602 -0.000845969 -5.072336674 -0.010608036 0.000793860 0.999943435 16.277191162
0.999844909 0.011085019 0.013686324 -0.033094782 -0.011085071 0.999938548 -0.000072066 -5.077862263 -0.013686282 -0.000079659 0.999906361 16.335979462
0.999853194 0.007686294 0.015314541 -0.034313127 -0.007682391 0.999970436 -0.000313627 -5.093722820 -0.015316498 0.000195929 0.999882698 16.395952225
0.999832451 0.010431087 0.015042969 -0.031639423 -0.010569697 0.999902129 0.009164384 -5.117901325 -0.014945903 -0.009321848 0.999844849 16.456161499
0.999782681 0.012027467 0.017027490 -0.036577474 -0.012012023 0.999927342 -0.001008930 -5.131879807 -0.017038386 0.000804177 0.999854505 16.511753082
0.999822438 0.010748751 0.015477079 -0.035961702 -0.010790078 0.999938428 0.002589119 -5.151599884 -0.015448296 -0.002755658 0.999876857 16.574478149
0.999840260 0.010526912 0.014443914 -0.033864003 -0.010575371 0.999938667 0.003282617 -5.167328835 -0.014408474 -0.003434842 0.999890268 16.636611938
0.999900222 0.005805495 0.012879437 -0.033263430 -0.005813286 0.999982953 0.000567579 -5.190801144 -0.012875922 -0.000642395 0.999916911 16.697669983
0.999910176 0.005100596 0.012395903 -0.027941396 -0.005145805 0.999980211 0.003617964 -5.203822613 -0.012377204 -0.003681426 0.999916613 16.761781693
0.999912739 0.000747741 0.013189262 -0.026352296 -0.000802726 0.999991000 0.004164147 -5.228671551 -0.013186030 -0.004174371 0.999904335 16.824132919
0.999916553 0.002077465 0.012751194 -0.021436414 -0.002071657 0.999997735 -0.000468740 -5.249756813 -0.012752138 0.000442284 0.999918580 16.878629684
0.999867320 0.006210595 0.015058327 -0.029384151 -0.006128674 0.999966204 -0.005480298 -5.266615391 -0.015091855 0.005387283 0.999871612 16.938623428
0.999783695 0.012050737 0.016951568 -0.031890973 -0.012125390 0.999917209 0.004308023 -5.292602539 -0.016898248 -0.004512635 0.999847054 16.998222351
0.999745131 0.014518179 0.017290127 -0.041487165 -0.014374094 0.999861181 -0.008428715 -5.311891079 -0.017410096 0.008178037 0.999814987 17.048040390
0.999812841 0.012649103 0.014637641 -0.042024426 -0.012636124 0.999919653 -0.000978870 -5.326328278 -0.014648846 0.000793724 0.999892414 17.110696793
0.999821246 0.012181710 0.014458829 -0.042418417 -0.012201692 0.999924719 0.001294551 -5.345679283 -0.014441970 -0.001470741 0.999894619 17.174072266
0.999867558 0.008642599 0.013790430 -0.036259972 -0.008612329 0.999960363 -0.002252881 -5.361767292 -0.013809354 0.002133815 0.999902368 17.234508514
0.999892294 0.003182737 0.014325961 -0.028463645 -0.003308241 0.999956310 0.008745435 -5.374081135 -0.014297499 -0.008791887 0.999859154 17.298675537
0.999881983 0.003983740 0.014836336 -0.030166239 -0.004028433 0.999987423 0.002983747 -5.407175541 -0.014824263 -0.003043162 0.999885499 17.351488113
0.999921381 0.004684903 0.011633499 -0.027067021 -0.004677986 0.999988854 -0.000621737 -5.413937092 -0.011636281 0.000567267 0.999932110 17.411550522
0.999960065 0.003411776 0.008262975 -0.029086752 -0.003411423 0.999994159 -0.000056821 -5.450422287 -0.008263120 0.000028631 0.999965847 17.465930939
0.999981999 0.003120246 0.005122474 -0.020649079 -0.003059981 0.999926507 -0.011730895 -5.468373299 -0.005158701 0.011715009 0.999918044 17.505546570
0.999938488 0.006628289 0.008890960 -0.017937407 -0.006555848 0.999945283 -0.008152318 -5.473753452 -0.008944510 0.008093529 0.999927223 17.563419342
0.999911845 0.002211818 0.013092081 -0.017785558 -0.002221010 0.999997318 0.000687574 -5.493843079 -0.013090526 -0.000716591 0.999914050 17.625650406
0.999769747 0.012044364 0.017757652 -0.024568563 -0.011887989 0.999889851 -0.008885453 -5.510063171 -0.017862717 0.008672305 0.999802828 17.676490784
0.999805748 0.011090863 0.016291989 -0.032556016 -0.011098482 0.999938309 0.000377209 -5.516103745 -0.016286800 -0.000557952 0.999867201 17.738315582
0.999808133 0.014261130 0.013427375 -0.031136312 -0.014244394 0.999897659 -0.001341185 -5.544604778 -0.013445128 0.001149663 0.999908924 17.794097900
0.999828279 0.012969168 0.013237964 -0.027134538 -0.012904489 0.999904454 -0.004959673 -5.548550129 -0.013301022 0.004787992 0.999900103 17.851964951
0.999901593 0.006099447 0.012634209 -0.016954778 -0.006079494 0.999980211 -0.001617066 -5.565225601 -0.012643822 0.001540098 0.999918878 17.914445877
0.999911547 0.000086932 0.013298664 -0.012111322 -0.000173541 0.999978781 0.006511577 -5.587232113 -0.013297817 -0.006513310 0.999890387 17.980848312
0.999868274 0.003477390 0.015853301 -0.017286293 -0.003393311 0.999980032 -0.005327445 -5.611557961 -0.015871510 0.005272947 0.999860108 18.028486252
0.999890387 0.004386104 0.014143058 -0.022683185 -0.004381298 0.999990344 -0.000370731 -5.629147530 -0.014144548 0.000308725 0.999899924 18.088605881
0.999933302 0.003206757 0.011094856 -0.020786248 -0.003183815 0.999992788 -0.002084845 -5.640611649 -0.011101461 0.002049382 0.999936283 18.152620316
0.999951243 0.000846271 0.009839915 -0.016220592 -0.000858540 0.999998868 0.001242693 -5.666942120 -0.009838851 -0.001251081 0.999950826 18.217090607
0.999951720 -0.001506993 0.009707071 -0.006233530 0.001526991 0.999996722 -0.002053097 -5.677437305 -0.009703945 0.002067821 0.999950767 18.281326294
0.999945462 -0.001970168 0.010258990 -0.000065340 0.001891447 0.999968767 0.007677439 -5.690099239 -0.010273795 -0.007657616 0.999917924 18.350532532
0.999922276 -0.001950296 0.012312908 -0.001239283 0.001868121 0.999975920 0.006681873 -5.725088120 -0.012325643 -0.006658352 0.999901891 18.410415649
0.999924779 -0.000107492 0.012265294 -0.002477051 0.000068066 0.999994814 0.003214802 -5.732667923 -0.012265575 -0.003213726 0.999919593 18.472078323
0.999915898 0.000038233 0.012968472 -0.006977969 -0.000143471 0.999967098 0.008114113 -5.768335819 -0.012967735 -0.008115293 0.999882996 18.536764145
0.999915540 0.002654331 0.012721551 -0.006803613 -0.002669296 0.999995768 0.001159518 -5.780084610 -0.012718420 -0.001193378 0.999918401 18.596513748
0.999937356 0.002124307 0.010987560 -0.007372836 -0.002135173 0.999997258 0.000977225 -5.800904274 -0.010985454 -0.001000624 0.999939144 18.660209656
0.999966383 -0.003867462 0.007233932 -0.003964872 0.003843788 0.999987245 0.003283558 -5.824796677 -0.007246538 -0.003255642 0.999968469 18.724199295
0.999961436 -0.006184351 0.006234769 -0.001726964 0.006240834 0.999939263 -0.009081115 -5.852953434 -0.006178230 0.009119675 0.999939322 18.776306152
0.999952018 -0.004931781 0.008462700 0.002151792 0.004955912 0.999983728 -0.002832873 -5.866932392 -0.008448591 0.002874678 0.999960184 18.840173721
0.999928474 -0.008337110 0.008572043 0.006197015 0.008362511 0.999960721 -0.002931650 -5.877671242 -0.008547264 0.003003124 0.999958932 18.908086777
0.999935210 -0.005693089 0.009857886 0.005690280 0.005588066 0.999927700 0.010648707 -5.893200874 -0.009917798 -0.010592930 0.999894679 18.977592468
0.999956071 -0.005372316 0.007681685 0.011420080 0.005296362 0.999937236 0.009874052 -5.906957150 -0.007734248 -0.009832934 0.999921739 19.040664673
0.999949455 -0.003807905 0.009305003 0.014291251 0.003686139 0.999907792 0.013068352 -5.936097622 -0.009353909 -0.013033392 0.999871314 19.099416733
0.999880612 0.001043938 0.015417511 0.008894769 -0.001142276 0.999979079 0.006370940 -5.950438499 -0.015410537 -0.006387791 0.999860823 19.153558731
0.999803245 0.004469528 0.019324765 0.000675791 -0.004639831 0.999950707 0.008776829 -5.976528645 -0.019284584 -0.008864766 0.999774754 19.215335846
0.999784172 0.009442301 0.018506994 -0.005949871 -0.009445176 0.999955416 0.000067879 -5.996703148 -0.018505527 -0.000242666 0.999828756 19.272459030
0.999768436 0.014186964 0.016181706 -0.010637906 -0.014188065 0.999899328 -0.000046823 -6.013454914 -0.016180741 -0.000182775 0.999869049 19.334589005
0.999922514 0.005846682 0.010990994 -0.008595121 -0.005827357 0.999981403 -0.001789437 -6.032205105 -0.011001252 0.001725250 0.999938011 19.400434494
0.999925971 0.005821845 0.010687180 -0.000533366 -0.005834466 0.999982297 0.001150101 -6.047269344 -0.010680296 -0.001212370 0.999942243 19.466079712
0.999941349 -0.000926500 0.010790373 0.007651069 0.000892889 0.999994755 0.003119273 -6.077661991 -0.010793206 -0.003109456 0.999936938 19.537487030
0.999930978 -0.001776899 0.011613277 0.009655532 0.001751537 0.999996066 0.002193715 -6.084700584 -0.011617129 -0.002173223 0.999930143 19.603567123
0.999936163 -0.006852972 0.008983576 0.015608464 0.006814046 0.999967277 0.004356529 -6.124671936 -0.009013138 -0.004295037 0.999950171 19.664104462
0.999950647 -0.005913360 0.007982926 0.016803438 0.005952926 0.999970078 -0.004941758 -6.128930092 -0.007953465 0.004989036 0.999955952 19.727561951
0.999927640 -0.011258064 0.004237917 0.022291394 0.011246402 0.999932945 0.002765662 -6.156773567 -0.004268769 -0.002717801 0.999987185 19.798055649
0.999940872 -0.009989404 0.004295884 0.016552817 0.009991533 0.999949992 -0.000474357 -6.168136597 -0.004290930 0.000517252 0.999990642 19.866697311
0.999978006 -0.004619066 0.004758416 0.011703800 0.004623588 0.999988854 -0.000939788 -6.191082001 -0.004754022 0.000961768 0.999988258 19.938299179
0.999989331 -0.001474527 0.004381948 0.001248550 0.001460698 0.999993920 0.003157450 -6.211278915 -0.004386577 -0.003151015 0.999985397 20.007755280
0.999996245 -0.002308341 0.001490192 -0.006328232 0.002300885 0.999984920 0.004985959 -6.235464096 -0.001501679 -0.004982512 0.999986470 20.069416046
0.999983370 -0.004151726 -0.004006796 -0.006531086 0.004138943 0.999986351 -0.003193475 -6.266570568 0.004019999 0.003176838 0.999986887 20.135467529
0.999988794 -0.001529011 -0.004483581 -0.004854254 0.001528689 0.999998808 -0.000075360 -6.265886307 0.004483690 0.000068505 0.999989927 20.202341080
0.999940991 -0.009149456 -0.005854592 0.002207123 0.009220827 0.999882042 0.012282107 -6.304728031 0.005741526 -0.012335368 0.999907434 20.274602890
0.999964297 -0.006954172 -0.004801985 0.004611239 0.006932020 0.999965310 -0.004614553 -6.326084614 0.004833909 0.004581101 0.999977827 20.330772400
0.999977887 -0.005908415 -0.003050469 0.002584744 0.005902711 0.999980807 -0.001875492 -6.332606792 0.003061492 0.001857445 0.999993563 20.396253586
0.999998271 -0.001282715 -0.001337280 0.002981235 0.001303228 0.999879718 0.015452969 -6.356161594 0.001317298 -0.015454684 0.999879718 20.474025726
