euroc/MH01:
  blur_maximum: 1532.0865091741257
  blur_mean: 782.1
  blur_median: 759.1569952663559
  blur_spread: 1404.0423428109052
  blur_std: 267.4
  contrast_maximum: 0.34
  contrast_mean: 0.3
  contrast_median: 0.31
  contrast_spread: 0.05
  contrast_std: 0.0
  fasttresh: 5
  features_mean: 2000.0
  features_median: 2000.0
  features_minimum: 2000
  features_spread: 1
  features_std: 0.0
  flow_maximum: 35.83473205566406
  flow_mean: 8.0
  flow_median: 6.14711856842041
  flow_spread: 35.79182434082031
  flow_std: 6.699999809265137
  match_mean: 793.6
  match_median: 730.5
  match_minimum: 38
  match_spread: 1857
  match_std: 433.7
  patchsize: 48
  track_error: 0
